#N canvas 0 69 1128 626 12;
#X floatatom 580 560 5 0 0 1 Hz - -, f 5;
#X obj 50 571 dac~;
#X obj 50 502 *~;
#X obj 110 480 hsl 128 15 0 127 0 0 empty empty Master\ Vol -2 -8 0
10 #ff9797 #000000 #000000 12700 1;
#X obj 110 504 pack 0 10;
#X obj 110 533 line~;
#X text 650 550 How long it takes to read each sample. This will change
pitch (not cleanly tho);
#N canvas 363 170 450 550 sample_size 0;
#X obj 40 15 loadbang;
#X msg 40 44 1000;
#X floatatom 40 73 5 0 0 1 ms - -, f 5;
#X obj 40 101 * 44.1;
#X obj 40 130 + 1;
#X text 70 130 This is for interpolation;
#X text 100 73 This changes timbre without changing pitch;
#X floatatom 40 159 5 0 0 0 - - -, f 5;
#X obj 40 187 pack 0 100;
#X obj 40 216 line~;
#X obj 40 245 outlet~;
#X obj 140 20 r grain_size;
#X connect 0 0 1 0;
#X connect 1 0 2 0;
#X connect 2 0 3 0;
#X connect 3 0 4 0;
#X connect 4 0 7 0;
#X connect 7 0 8 0;
#X connect 8 0 9 0;
#X connect 9 0 10 0;
#X connect 11 0 2 0;
#X restore 930 290 pd sample_size;
#N canvas 339 277 450 376 starting_point 0;
#X obj 20 10 loadbang;
#X msg 20 39 1;
#X floatatom 20 68 5 0 0 1 ms - -, f 5;
#X obj 20 96 * 44.1;
#X text 80 97 Multiply position by sample rate (44.1 kHz);
#X obj 20 125 + 1;
#X text 60 126 (Small offset for interpolation to work correctly);
#X floatatom 20 154 5 0 0 0 - - -, f 5;
#X obj 20 182 pack 0 100;
#X obj 20 211 line~;
#X obj 20 240 outlet~;
#X obj 130 20 r grain_start;
#X connect 0 0 1 0;
#X connect 1 0 2 0;
#X connect 2 0 3 0;
#X connect 3 0 5 0;
#X connect 5 0 7 0;
#X connect 7 0 8 0;
#X connect 8 0 9 0;
#X connect 9 0 10 0;
#X connect 11 0 2 0;
#X restore 930 322 pd starting_point;
#X obj 510 503 loadbang;
#X msg 580 533 1;
#X floatatom 750 422 5 0 200 0 - - -, f 5;
#X obj 750 366 bng 15 250 50 0 empty empty reset 17 7 0 10 #fcfcfc
#000000 #000000;
#X obj 610 360 loadbang;
#X obj 580 513 bng 15 250 50 0 empty empty reset 17 7 0 10 #fcfcfc
#000000 #000000;
#X obj 580 588 s playback_speed;
#X obj 560 1 bng 15 250 50 0 empty empty Load\ wav\ file\ into\ array
17 7 0 10 #fcfcfc #000000 #000000;
#N canvas 0 69 1128 651 grain_array_subpatch 0;
#X restore 200 540 pd grain_array_subpatch;
#N canvas 0 69 1128 651 window_gen 0;
#X obj 20 15 loadbang;
#X obj 20 44 Uzi 256;
#X obj 70 95 / 128;
#X obj 70 124 - 1;
#X obj 70 153 t f b;
#X obj 70 192 *;
#X obj 120 165 pi;
#X obj 70 221 expr 0.5 + 0.5 * cos($f1);
#N canvas 0 0 450 300 (subpatch) 0;
#X array window 256 float 3 black black;
#A 0 0 0.000150591 0.000602275 0.00135475 0.00240764 0.00376025 0.00541174
0.00736117 0.00960734 0.0121489 0.0149844 0.018112 0.0215298 0.0252359
0.0292279 0.0335036 0.0380602 0.0428951 0.0480053 0.0533879 0.0590393
0.0649565 0.0711357 0.0775732 0.0842652 0.0912076 0.0983962 0.105827
0.113495 0.121396 0.129524 0.137876 0.146447 0.15523 0.16422 0.173414
0.182803 0.192384 0.20215 0.212096 0.222215 0.232501 0.242949 0.253551
0.264302 0.275194 0.286222 0.297379 0.308658 0.320052 0.331555 0.343159
0.354858 0.366644 0.37851 0.390449 0.402455 0.414519 0.426635 0.438795
0.450991 0.463218 0.475466 0.487729 0.5 0.512271 0.524534 0.536782
0.549009 0.561205 0.573365 0.585481 0.597545 0.609551 0.62149 0.633356
0.645142 0.656841 0.668445 0.679947 0.691342 0.702621 0.713778 0.724806
0.735698 0.746449 0.757051 0.767499 0.777785 0.787904 0.79785 0.807616
0.817197 0.826586 0.835779 0.84477 0.853553 0.862124 0.870476 0.878604
0.886505 0.894173 0.901604 0.908792 0.915735 0.922427 0.928864 0.935043
0.940961 0.946612 0.951995 0.957105 0.96194 0.966496 0.970772 0.974764
0.97847 0.981888 0.985016 0.987851 0.990393 0.992639 0.994588 0.99624
0.997592 0.998645 0.999398 0.999849 1 0.999849 0.999398 0.998645 0.997592
0.99624 0.994588 0.992639 0.990393 0.987851 0.985016 0.981888 0.97847
0.974764 0.970772 0.966496 0.96194 0.957105 0.951995 0.946612 0.940961
0.935043 0.928864 0.922427 0.915735 0.908792 0.901604 0.894173 0.886505
0.878604 0.870476 0.862124 0.853553 0.84477 0.835779 0.826586 0.817197
0.807616 0.79785 0.787904 0.777785 0.767499 0.757051 0.746449 0.735698
0.724806 0.713778 0.702621 0.691342 0.679947 0.668445 0.656841 0.645142
0.633356 0.62149 0.609551 0.597545 0.585481 0.573365 0.561205 0.549009
0.536782 0.524534 0.512271 0.5 0.487729 0.475466 0.463218 0.450991
0.438795 0.426635 0.414519 0.402455 0.390449 0.37851 0.366644 0.354858
0.343159 0.331555 0.320052 0.308658 0.297379 0.286222 0.275194 0.264302
0.253551 0.242949 0.232501 0.222215 0.212096 0.20215 0.192384 0.182803
0.173414 0.16422 0.15523 0.146447 0.137876 0.129524 0.121396 0.113495
0.105827 0.0983962 0.0912076 0.0842652 0.0775732 0.0711357 0.0649565
0.0590393 0.0533879 0.0480053 0.0428951 0.0380602 0.0335036 0.0292279
0.0252359 0.0215298 0.018112 0.0149844 0.0121489 0.00960734 0.00736117
0.00541174 0.00376025 0.00240764 0.00135475 0.000602275 0;
#X coords 0 1 256 0 200 140 1;
#X restore 280 80 graph;
#X obj 70 250 tabwrite window;
#X obj 70 70 t f f;
#X text 190 250 This generates a Hanning window;
#X obj 540 82 Uzi 256;
#X obj 590 133 / 128;
#X obj 590 162 - 1;
#X obj 590 108 t f f;
#X obj 590 191 expr;
#X obj 590 220 tabwrite example;
#X text 540 50 This is the basic outline for a window containing 256
points;
#X obj 590 411 expr 1 - abs($f1);
#X obj 420 411 expr 1 - ($f1 * $f1);
#X text 590 380 Example: Bartlett window;
#X text 420 380 Example: Welch;
#X connect 0 0 1 0;
#X connect 1 2 10 0;
#X connect 2 0 3 0;
#X connect 3 0 4 0;
#X connect 4 0 5 0;
#X connect 4 1 6 0;
#X connect 5 0 7 0;
#X connect 6 0 5 1;
#X connect 7 0 9 0;
#X connect 10 0 2 0;
#X connect 10 1 9 1;
#X connect 12 2 15 0;
#X connect 13 0 14 0;
#X connect 14 0 16 0;
#X connect 15 0 13 0;
#X connect 16 0 17 0;
#X restore 200 570 pd window_gen;
#X obj 560 25 openpanel;
#X obj 560 73 soundfiler;
#X msg 560 49 read -resize \$1 grain_array;
#X obj 560 161 phasor~;
#X obj 560 190 *~;
#X floatatom 560 102 16 0 0 0 - - -, f 16;
#X obj 560 130 expr 44100 / $f1;
#X msg 870 191 0;
#X obj 870 171 bng 15 250 50 0 empty empty Reset 17 7 0 10 #fcfcfc
#000000 #000000;
#X msg 940 191 0;
#X obj 940 171 bng 15 250 50 0 empty empty Pause 17 7 0 10 #fcfcfc
#000000 #000000;
#X obj 1010 171 bng 15 250 50 0 empty empty Play 17 7 0 10 #fcfcfc
#000000 #000000;
#X obj 870 220 s reset;
#X obj 940 220 s pause;
#X obj 1010 195 s play;
#X obj 670 73 r play;
#X obj 690 130 r pause;
#X obj 750 130 r reset;
#X obj 50 531 hip~ 5;
#X obj 750 450 s grain_size;
#X floatatom 860 422 5 0 0 0 - - -, f 5;
#X obj 860 366 bng 15 250 50 0 empty empty reset 17 7 0 10 #fcfcfc
#000000 #000000;
#X obj 860 480 s grain_speed;
#X msg 270 220 next \$1;
#X obj 560 219 snapshot~;
#X msg 750 390 100;
#X obj 810 101 metro 100;
#X obj 810 70 loadbang;
#X obj 810 130 t b b;
#X obj 720 220 random 200;
#X obj 560 260 +;
#N canvas 0 0 450 300 (subpatch) 0;
#X array grain_array 1.52915e+07 float 2 black black;
#X coords 0 1 1.52915e+07 -1 200 140 1;
#X restore 150 30 graph;
#X obj 150 180 hsl 194 15 0 1 0 0 empty empty empty -2 -8 0 10 #fcfcfc
#000000 #000000 5757 1;
#X obj 640 189 snapshot~;
#X obj 640 218 s position;
#X obj 70 150 r position;
#X obj 680 480 s grain_spread;
#X floatatom 680 420 5 0 0 0 - - -, f 5;
#X obj 680 366 bng 15 250 50 0 empty empty reset 17 7 0 10 #fcfcfc
#000000 #000000;
#X msg 680 390 100;
#X obj 760 190 r grain_spread;
#X obj 860 450 / 100;
#X msg 860 390 100;
#X obj 680 448 * 100;
#X obj 270 249 clone grain 16;
#X connect 0 0 15 0;
#X connect 2 0 37 0;
#X connect 3 0 4 0;
#X connect 4 0 5 0;
#X connect 5 0 2 1;
#X connect 9 0 10 0;
#X connect 10 0 0 0;
#X connect 11 0 38 0;
#X connect 12 0 44 0;
#X connect 13 0 44 0;
#X connect 13 0 61 0;
#X connect 13 0 58 0;
#X connect 14 0 10 0;
#X connect 16 0 19 0;
#X connect 19 0 21 0;
#X connect 20 0 24 0;
#X connect 21 0 20 0;
#X connect 22 0 23 0;
#X connect 22 0 52 0;
#X connect 23 0 43 0;
#X connect 24 0 23 1;
#X connect 24 0 25 0;
#X connect 25 0 22 0;
#X connect 26 0 31 0;
#X connect 27 0 26 0;
#X connect 28 0 32 0;
#X connect 29 0 28 0;
#X connect 30 0 33 0;
#X connect 34 0 24 0;
#X connect 35 0 22 0;
#X connect 36 0 22 1;
#X connect 37 0 1 0;
#X connect 37 0 1 1;
#X connect 39 0 60 0;
#X connect 40 0 61 0;
#X connect 42 0 63 0;
#X connect 43 0 49 0;
#X connect 44 0 11 0;
#X connect 45 0 47 0;
#X connect 46 0 45 0;
#X connect 47 0 43 0;
#X connect 47 0 52 0;
#X connect 47 1 48 0;
#X connect 48 0 49 1;
#X connect 49 0 42 0;
#X connect 49 0 63 0;
#X connect 52 0 53 0;
#X connect 54 0 51 0;
#X connect 56 0 62 0;
#X connect 57 0 58 0;
#X connect 58 0 56 0;
#X connect 59 0 48 1;
#X connect 60 0 41 0;
#X connect 61 0 39 0;
#X connect 62 0 55 0;
#X connect 63 0 2 0;
